1 1.5022222222222223 0.40059259259259256
2 0.5777777777777782 0.15407407407407414
3 -0.2044444444444442 -0.05451851851851849
4 -0.8444444444444444 -0.22518518518518513
5 -1.342222222222222 -0.35792592592592576
6 -1.6977777777777776 -0.452740740740741
7 -1.9111111111111112 -0.5096296296296295
8 -1.9822222222222223 -0.5285925925925925
9 -1.9111111111111112 -0.5096296296296295
10 -1.697777777777778 -0.4527407407407407
11 -1.3422222222222224 -0.3579259259259259
12 -0.8444444444444444 -0.22518518518518552
13 -0.20444444444444398 -0.05451851851851838
14 0.5777777777777782 0.15407407407407414
15 1.5022222222222223 0.40059259259259256
